([array([[2.73037543e+03, 0.00000000e+00, 9.68000000e+02, 0.00000000e+00],
       [0.00000000e+00, 2.73037543e+03, 6.08000000e+02, 0.00000000e+00],
       [0.00000000e+00, 0.00000000e+00, 1.00000000e+00, 0.00000000e+00]])],
 [array([[ 2.73037543e+03,  0.00000000e+00,  9.68000000e+02,
        -1.36518771e+06],
       [ 0.00000000e+00,  2.73037543e+03,  6.08000000e+02,
         0.00000000e+00],
       [ 0.00000000e+00,  0.00000000e+00,  1.00000000e+00,
         0.00000000e+00]])],
 [[0.0013668549891672208]],
 [[array([[4.33484745e+05, 0.00000000e+00, 9.67499587e+02],
       [0.00000000e+00, 4.33485922e+05, 6.07500047e+02],
       [0.00000000e+00, 0.00000000e+00, 1.00000000e+00]])]],
 [[2.3478151045320248e-05]],
 [[array([[3.76238009e+05, 0.00000000e+00, 9.67501153e+02],
       [0.00000000e+00, 3.76237587e+05, 6.07499830e+02],
       [0.00000000e+00, 0.00000000e+00, 1.00000000e+00]])]],
 [[2.403488047060736e-05]],
 [[array([[ 9.99999102e-01, -1.71604994e-07,  1.34008144e-03],
       [-2.78690911e-08,  9.99999989e-01,  1.48852191e-04],
       [-1.34008145e-03, -1.48852095e-04,  9.99999091e-01]])]],
 [[array([[  -4755.13996336],
       [   -472.64508192],
       [-419336.30909981]])]])
