([array([[16. ,  0. ,  5.5,  0. ],
       [ 0. , 16. ,  3.5,  0. ],
       [ 0. ,  0. ,  1. ,  0. ]])],
 [array([[ 1.6e+01,  0.0e+00,  5.5e+00, -8.0e+03],
       [ 0.0e+00,  1.6e+01,  3.5e+00,  0.0e+00],
       [ 0.0e+00,  0.0e+00,  1.0e+00,  0.0e+00]])],
 [[0.0004217531040207744]],
 [[array([[16.10560891,  0.        ,  5.00003218],
       [ 0.        , 16.10597099,  3.00010044],
       [ 0.        ,  0.        ,  1.        ]])]],
 [[3.836453007338937e-05]],
 [[array([[16.10563456,  0.        ,  5.00004061],
       [ 0.        , 16.1058713 ,  3.00010035],
       [ 0.        ,  0.        ,  1.        ]])]],
 [[3.851108128544404e-05]],
 [[array([[ 9.99999997e-01, -3.69817669e-05, -7.00680135e-05],
       [ 3.69885311e-05,  9.99999995e-01,  9.65397043e-05],
       [ 7.00644429e-05, -9.65422957e-05,  9.99999993e-01]])]],
 [[array([[-498.56922208],
       [  -1.93758016],
       [   1.79907167]])]])
