([],
 [],
 [[0.005730161977640424]],
 [[array([[2.73066827e+03, 0.00000000e+00, 9.67592218e+02],
       [0.00000000e+00, 2.73080168e+03, 6.08350326e+02],
       [0.00000000e+00, 0.00000000e+00, 1.00000000e+00]])]],
 [[0.0046097228623467445]],
 [[array([[2.73054517e+03, 0.00000000e+00, 9.68032741e+02],
       [0.00000000e+00, 2.73053444e+03, 6.08019564e+02],
       [0.00000000e+00, 0.00000000e+00, 1.00000000e+00]])]],
 [[0.004303091821317535]],
 [[array([[ 9.99999989e-01,  1.47038476e-05, -1.45705933e-04],
       [-1.46900004e-05,  9.99999995e-01,  9.50357407e-05],
       [ 1.45707329e-04, -9.50335993e-05,  9.99999985e-01]])]],
 [[array([[-5.00035778e+02],
       [ 7.14593447e-02],
       [-8.42055965e-02]])]])
