([],
 [],
 [[0.00776707798676983]],
 [[array([[2.73061648e+03, 0.00000000e+00, 9.67928585e+02],
       [0.00000000e+00, 2.73065893e+03, 6.07997710e+02],
       [0.00000000e+00, 0.00000000e+00, 1.00000000e+00]])]],
 [[0.004469614847161164]],
 [[array([[2.73061348e+03, 0.00000000e+00, 9.68064764e+02],
       [0.00000000e+00, 2.73066044e+03, 6.08000723e+02],
       [0.00000000e+00, 0.00000000e+00, 1.00000000e+00]])]],
 [[0.004472742718734742]],
 [[array([[ 9.99999991e-01,  2.94070101e-08,  1.31555120e-04],
       [-2.92889177e-08,  1.00000000e+00, -8.97666751e-07],
       [-1.31555121e-04,  8.97662890e-07,  9.99999991e-01]])]],
 [[array([[-5.00698023e+02],
       [-8.75741102e-04],
       [ 3.36064428e-02]])]])
