([],
 [],
 [[0.005047479366119368]],
 [[array([[2.73070898e+03, 0.00000000e+00, 9.68058493e+02],
       [0.00000000e+00, 2.73078766e+03, 6.07998983e+02],
       [0.00000000e+00, 0.00000000e+00, 1.00000000e+00]])]],
 [[0.004417716270433265]],
 [[array([[2.73071055e+03, 0.00000000e+00, 9.67938709e+02],
       [0.00000000e+00, 2.73079357e+03, 6.08000360e+02],
       [0.00000000e+00, 0.00000000e+00, 1.00000000e+00]])]],
 [[0.0044204347374661055]],
 [[array([[ 9.99999995e-01,  1.76532682e-08,  1.00007470e-04],
       [-1.76028216e-08,  1.00000000e+00, -5.04428709e-07],
       [-1.00007470e-04,  5.04426946e-07,  9.99999995e-01]])]],
 [[array([[-5.00224256e+02],
       [-2.41814001e-05],
       [ 3.21764509e-02]])]])
