([],
 [],
 [[0.006148672034079745]],
 [[array([[2.73005939e+03, 0.00000000e+00, 9.68168218e+02],
       [0.00000000e+00, 2.73010756e+03, 6.08000218e+02],
       [0.00000000e+00, 0.00000000e+00, 1.00000000e+00]])]],
 [[0.004542693862740972]],
 [[array([[2.73006048e+03, 0.00000000e+00, 9.67829656e+02],
       [0.00000000e+00, 2.73010890e+03, 6.07999620e+02],
       [0.00000000e+00, 0.00000000e+00, 1.00000000e+00]])]],
 [[0.004545173985333915]],
 [[array([[ 9.99999981e-01,  1.15010169e-08,  1.94617180e-04],
       [-1.15309790e-08,  1.00000000e+00,  1.53953183e-07],
       [-1.94617180e-04, -1.53955424e-07,  9.99999981e-01]])]],
 [[array([[-5.00264139e+02],
       [ 2.54773711e-04],
       [ 5.04960751e-02]])]])
