([],
 [],
 [[0.005361085366788011]],
 [[array([[2.73061605e+03, 0.00000000e+00, 9.68066778e+02],
       [0.00000000e+00, 2.73071938e+03, 6.07999977e+02],
       [0.00000000e+00, 0.00000000e+00, 1.00000000e+00]])]],
 [[0.0044027657178182765]],
 [[array([[2.73061533e+03, 0.00000000e+00, 9.67926357e+02],
       [0.00000000e+00, 2.73072255e+03, 6.08001523e+02],
       [0.00000000e+00, 0.00000000e+00, 1.00000000e+00]])]],
 [[0.00440610991668943]],
 [[array([[ 9.99999993e-01,  5.88759371e-10,  1.19853236e-04],
       [-5.29218746e-10,  1.00000000e+00, -4.96779487e-07],
       [-1.19853236e-04,  4.96779420e-07,  9.99999993e-01]])]],
 [[array([[-5.00271853e+02],
       [-3.03591000e-04],
       [ 3.28970028e-02]])]])
