([],
 [],
 [[0.005430273225229877]],
 [[array([[2.73065818e+03, 0.00000000e+00, 9.68017560e+02],
       [0.00000000e+00, 2.73074972e+03, 6.07999108e+02],
       [0.00000000e+00, 0.00000000e+00, 1.00000000e+00]])]],
 [[0.004512535151965679]],
 [[array([[2.73065762e+03, 0.00000000e+00, 9.67980446e+02],
       [0.00000000e+00, 2.73075450e+03, 6.07999730e+02],
       [0.00000000e+00, 0.00000000e+00, 1.00000000e+00]])]],
 [[0.0045133949739667185]],
 [[array([[ 9.99999996e-01,  1.57381949e-08,  8.99138577e-05],
       [-1.57168756e-08,  1.00000000e+00, -2.37108681e-07],
       [-8.99138577e-05,  2.37107267e-07,  9.99999996e-01]])]],
 [[array([[-5.00303635e+02],
       [ 3.13501011e-05],
       [ 2.75393033e-02]])]])
