([],
 [],
 [[0.0034039430943971502]],
 [[array([[2.73043448e+03, 0.00000000e+00, 9.67949822e+02],
       [0.00000000e+00, 2.73045068e+03, 6.07999252e+02],
       [0.00000000e+00, 0.00000000e+00, 1.00000000e+00]])]],
 [[0.0031700148991233826]],
 [[array([[2.73029868e+03, 0.00000000e+00, 9.67949824e+02],
       [0.00000000e+00, 2.73030343e+03, 6.08000578e+02],
       [0.00000000e+00, 0.00000000e+00, 1.00000000e+00]])]],
 [[0.003273944425351478]],
 [[array([[ 1.00000000e+00, -4.26570400e-09,  1.32426267e-05],
       [ 4.27135041e-09,  1.00000000e+00, -4.26381856e-07],
       [-1.32426267e-05,  4.26381912e-07,  1.00000000e+00]])]],
 [[array([[-5.00036916e+02],
       [-1.82058514e-04],
       [-1.48573696e-01]])]])
