([],
 [],
 [[0.003128114211866358]],
 [[array([[2.73047156e+03, 0.00000000e+00, 9.67967051e+02],
       [0.00000000e+00, 2.73046506e+03, 6.07999680e+02],
       [0.00000000e+00, 0.00000000e+00, 1.00000000e+00]])]],
 [[0.0029025890959377223]],
 [[array([[2.73044359e+03, 0.00000000e+00, 9.67992771e+02],
       [0.00000000e+00, 2.73044560e+03, 6.07999789e+02],
       [0.00000000e+00, 0.00000000e+00, 1.00000000e+00]])]],
 [[0.0030342407956745372]],
 [[array([[ 1.00000000e+00,  5.40259932e-09,  4.27735054e-06],
       [-5.40249839e-09,  1.00000000e+00, -2.35978844e-08],
       [-4.27735054e-06,  2.35978613e-08,  1.00000000e+00]])]],
 [[array([[-5.00037854e+02],
       [-5.06815132e-05],
       [-7.54036237e-03]])]])
