([],
 [],
 [[0.0035988242020932467]],
 [[array([[2.73041345e+03, 0.00000000e+00, 9.67881305e+02],
       [0.00000000e+00, 2.73042540e+03, 6.07998607e+02],
       [0.00000000e+00, 0.00000000e+00, 1.00000000e+00]])]],
 [[0.003173506162654716]],
 [[array([[2.73031109e+03, 0.00000000e+00, 9.68016515e+02],
       [0.00000000e+00, 2.73032055e+03, 6.07999222e+02],
       [0.00000000e+00, 0.00000000e+00, 1.00000000e+00]])]],
 [[0.003160289794099616]],
 [[array([[ 1.00000000e+00,  3.09622882e-08, -2.38339480e-05],
       [-3.09665878e-08,  1.00000000e+00, -1.80395891e-07],
       [ 2.38339479e-05,  1.80396629e-07,  1.00000000e+00]])]],
 [[array([[-5.00072691e+02],
       [-1.29533548e-04],
       [-9.75098624e-02]])]])
