([],
 [],
 [[0.003195761942961131]],
 [[array([[2.73044562e+03, 0.00000000e+00, 9.67903760e+02],
       [0.00000000e+00, 2.73044323e+03, 6.08000061e+02],
       [0.00000000e+00, 0.00000000e+00, 1.00000000e+00]])]],
 [[0.0029961987229733316]],
 [[array([[2.73036918e+03, 0.00000000e+00, 9.68008116e+02],
       [0.00000000e+00, 2.73037039e+03, 6.07999985e+02],
       [0.00000000e+00, 0.00000000e+00, 1.00000000e+00]])]],
 [[0.0030072759189156265]],
 [[array([[ 1.00000000e+00,  4.59005365e-09, -2.38942728e-05],
       [-4.58851790e-09,  1.00000000e+00,  6.42727577e-08],
       [ 2.38942728e-05, -6.42726481e-08,  1.00000000e+00]])]],
 [[array([[-5.00039951e+02],
       [-1.08477679e-04],
       [-7.06904219e-02]])]])
