([],
 [],
 [[0.004050739638537097]],
 [[array([[2.73058821e+03, 0.00000000e+00, 9.67770321e+02],
       [0.00000000e+00, 2.73060809e+03, 6.07999482e+02],
       [0.00000000e+00, 0.00000000e+00, 1.00000000e+00]])]],
 [[0.0034306671023531603]],
 [[array([[2.73042307e+03, 0.00000000e+00, 9.67974590e+02],
       [0.00000000e+00, 2.73042652e+03, 6.07999176e+02],
       [0.00000000e+00, 0.00000000e+00, 1.00000000e+00]])]],
 [[0.0034360623966220175]],
 [[array([[ 9.99999999e-01,  8.37406874e-10, -3.50929878e-05],
       [-8.34831760e-10,  1.00000000e+00,  7.33797421e-08],
       [ 3.50929878e-05, -7.33797128e-08,  9.99999999e-01]])]],
 [[array([[-5.00113362e+02],
       [ 1.02299921e-04],
       [-1.80656667e-01]])]])
