([],
 [],
 [[0.002511466268808076]],
 [[array([[2.73033374e+03, 0.00000000e+00, 9.68042230e+02],
       [0.00000000e+00, 2.73033440e+03, 6.08000230e+02],
       [0.00000000e+00, 0.00000000e+00, 1.00000000e+00]])]],
 [[0.0018718502915038844]],
 [[array([[2.73035401e+03, 0.00000000e+00, 9.67963187e+02],
       [0.00000000e+00, 2.73034963e+03, 6.08000378e+02],
       [0.00000000e+00, 0.00000000e+00, 1.00000000e+00]])]],
 [[0.002730651155855071]],
 [[array([[ 1.00000000e+00, -1.16617536e-08,  3.05802066e-05],
       [ 1.16634081e-08,  1.00000000e+00, -5.41043648e-08],
       [-3.05802066e-05,  5.41047215e-08,  1.00000000e+00]])]],
 [[array([[-5.00002047e+02],
       [-1.14145182e-05],
       [ 1.97219008e-02]])]])
