([],
 [],
 [[0.002335731099713944]],
 [[array([[2.73033837e+03, 0.00000000e+00, 9.68019791e+02],
       [0.00000000e+00, 2.73033441e+03, 6.07999902e+02],
       [0.00000000e+00, 0.00000000e+00, 1.00000000e+00]])]],
 [[0.0019222854361344364]],
 [[array([[2.73035235e+03, 0.00000000e+00, 9.67970714e+02],
       [0.00000000e+00, 2.73034296e+03, 6.08000589e+02],
       [0.00000000e+00, 0.00000000e+00, 1.00000000e+00]])]],
 [[0.0024080015699882973]],
 [[array([[ 1.00000000e+00, -9.80540092e-09,  1.86115896e-05],
       [ 9.80967517e-09,  1.00000000e+00, -2.29654665e-07],
       [-1.86115896e-05,  2.29654848e-07,  1.00000000e+00]])]],
 [[array([[-5.00000120e+02],
       [-5.40111674e-05],
       [ 1.00053638e-02]])]])
