([],
 [],
 [[0.0020527201126187768]],
 [[array([[2.73035248e+03, 0.00000000e+00, 9.68030920e+02],
       [0.00000000e+00, 2.73036791e+03, 6.08028838e+02],
       [0.00000000e+00, 0.00000000e+00, 1.00000000e+00]])]],
 [[0.002025178177052179]],
 [[array([[2.73029733e+03, 0.00000000e+00, 9.67976374e+02],
       [0.00000000e+00, 2.73028533e+03, 6.07985340e+02],
       [0.00000000e+00, 0.00000000e+00, 1.00000000e+00]])]],
 [[0.0016947509561812952]],
 [[array([[ 1.00000000e+00,  2.74348175e-07,  1.67797990e-05],
       [-2.74580660e-07,  1.00000000e+00,  1.38550633e-05],
       [-1.67797952e-05, -1.38550679e-05,  1.00000000e+00]])]],
 [[array([[-4.99992254e+02],
       [ 4.21352156e-03],
       [-3.63938561e-02]])]])
