([],
 [],
 [[0.00256782319067956]],
 [[array([[2.73036044e+03, 0.00000000e+00, 9.68010375e+02],
       [0.00000000e+00, 2.73039431e+03, 6.07999985e+02],
       [0.00000000e+00, 0.00000000e+00, 1.00000000e+00]])]],
 [[0.00199315873184214]],
 [[array([[2.73032171e+03, 0.00000000e+00, 9.67966010e+02],
       [0.00000000e+00, 2.73032765e+03, 6.08000142e+02],
       [0.00000000e+00, 0.00000000e+00, 1.00000000e+00]])]],
 [[0.0025962130171247664]],
 [[array([[ 1.00000000e+00,  3.93976624e-09,  1.74992051e-05],
       [-3.93898487e-09,  1.00000000e+00, -4.46515783e-08],
       [-1.74992051e-05,  4.46515094e-08,  1.00000000e+00]])]],
 [[array([[-5.00003444e+02],
       [-2.77976224e-05],
       [-3.33038545e-02]])]])
