([],
 [],
 [[0.003098024647735074]],
 [[array([[2.73034597e+03, 0.00000000e+00, 9.68050324e+02],
       [0.00000000e+00, 2.73036540e+03, 6.08000451e+02],
       [0.00000000e+00, 0.00000000e+00, 1.00000000e+00]])]],
 [[0.0020807761334231192]],
 [[array([[2.73033678e+03, 0.00000000e+00, 9.67956567e+02],
       [0.00000000e+00, 2.73033526e+03, 6.07999862e+02],
       [0.00000000e+00, 0.00000000e+00, 1.00000000e+00]])]],
 [[0.0033694105187875275]],
 [[array([[ 9.99999999e-01,  3.22539686e-09,  3.71136942e-05],
       [-3.23253185e-09,  1.00000000e+00,  1.92246657e-07],
       [-3.71136942e-05, -1.92246777e-07,  9.99999999e-01]])]],
 [[array([[-5.00005136e+02],
       [ 4.44699177e-05],
       [-4.49044346e-03]])]])
