([],
 [],
 [[0.002395547718783529]],
 [[array([[2.73035022e+03, 0.00000000e+00, 9.68014411e+02],
       [0.00000000e+00, 2.73035529e+03, 6.07999915e+02],
       [0.00000000e+00, 0.00000000e+00, 1.00000000e+00]])]],
 [[0.00205478923672211]],
 [[array([[2.73033553e+03, 0.00000000e+00, 9.67992612e+02],
       [0.00000000e+00, 2.73033806e+03, 6.08000330e+02],
       [0.00000000e+00, 0.00000000e+00, 1.00000000e+00]])]],
 [[0.002498180450976711]],
 [[array([[ 1.00000000e+00, -1.41573897e-09,  5.42416514e-06],
       [ 1.41641392e-09,  1.00000000e+00, -1.24434528e-07],
       [-5.42416514e-06,  1.24434536e-07,  1.00000000e+00]])]],
 [[array([[-4.99994905e+02],
       [-5.93302545e-05],
       [-1.11391277e-02]])]])
