([array([[16. ,  0. ,  5.5,  0. ],
       [ 0. , 16. ,  3.5,  0. ],
       [ 0. ,  0. ,  1. ,  0. ]])],
 [array([[ 1.6e+01,  0.0e+00,  5.5e+00, -8.0e+03],
       [ 0.0e+00,  1.6e+01,  3.5e+00,  0.0e+00],
       [ 0.0e+00,  0.0e+00,  1.0e+00,  0.0e+00]])],
 [[1.8156030100427595e-07]],
 [[array([[15.99999955,  0.        ,  5.49999881],
       [ 0.        , 15.99999959,  3.50000322],
       [ 0.        ,  0.        ,  1.        ]])]],
 [[1.9912396867111865e-07]],
 [[array([[15.9999982 ,  0.        ,  5.49999772],
       [ 0.        , 15.9999985 ,  3.50000321],
       [ 0.        ,  0.        ,  1.        ]])]],
 [[1.4839058495292503e-07]],
 [[array([[ 1.00000000e+00, -1.78380469e-08,  3.52988928e-08],
       [ 1.78380469e-08,  1.00000000e+00, -7.56728851e-11],
       [-3.52988928e-08,  7.56735108e-11,  1.00000000e+00]])]],
 [[array([[-4.99999859e+02],
       [-7.15880600e-07],
       [-4.12819055e-04]])]])
