([],
 [],
 [[0.004594632905973403]],
 [[array([[2.73051406e+03, 0.00000000e+00, 9.68236829e+02],
       [0.00000000e+00, 2.73054024e+03, 6.07999139e+02],
       [0.00000000e+00, 0.00000000e+00, 1.00000000e+00]])]],
 [[0.004324348782649629]],
 [[array([[2.73051436e+03, 0.00000000e+00, 9.67765879e+02],
       [0.00000000e+00, 2.73054019e+03, 6.07999135e+02],
       [0.00000000e+00, 0.00000000e+00, 1.00000000e+00]])]],
 [[0.004323041486028385]],
 [[array([[ 9.99999988e-01,  3.22863354e-08,  1.54822165e-04],
       [-3.22822734e-08,  1.00000000e+00, -2.62386812e-08],
       [-1.54822165e-04,  2.62336829e-08,  9.99999988e-01]])]],
 [[array([[-4.99927161e+02],
       [ 9.79320738e-05],
       [ 3.80704557e-02]])]])
