([],
 [],
 [[0.004736053524812539]],
 [[array([[2.73040082e+03, 0.00000000e+00, 9.68137937e+02],
       [0.00000000e+00, 2.73049920e+03, 6.07999660e+02],
       [0.00000000e+00, 0.00000000e+00, 1.00000000e+00]])]],
 [[0.004384092050688217]],
 [[array([[2.73040054e+03, 0.00000000e+00, 9.67862597e+02],
       [0.00000000e+00, 2.73050301e+03, 6.07999854e+02],
       [0.00000000e+00, 0.00000000e+00, 1.00000000e+00]])]],
 [[0.004383651583280821]],
 [[array([[ 9.99999994e-01,  1.36832957e-08,  1.06810719e-04],
       [-1.36731287e-08,  1.00000000e+00, -9.51877039e-08],
       [-1.06810719e-04,  9.51862429e-08,  9.99999994e-01]])]],
 [[array([[-5.00027523e+02],
       [ 8.78185275e-05],
       [ 3.06576482e-02]])]])
