([],
 [],
 [[0.0046656353106994605]],
 [[array([[2.73054028e+03, 0.00000000e+00, 9.68203460e+02],
       [0.00000000e+00, 2.73052824e+03, 6.07997436e+02],
       [0.00000000e+00, 0.00000000e+00, 1.00000000e+00]])]],
 [[0.004396104420941811]],
 [[array([[2.73053960e+03, 0.00000000e+00, 9.67796839e+02],
       [0.00000000e+00, 2.73053134e+03, 6.07997944e+02],
       [0.00000000e+00, 0.00000000e+00, 1.00000000e+00]])]],
 [[0.004394404452904097]],
 [[array([[ 9.99999993e-01,  6.52634203e-08,  1.20886250e-04],
       [-6.52399702e-08,  1.00000000e+00, -1.93988254e-07],
       [-1.20886250e-04,  1.93980366e-07,  9.99999993e-01]])]],
 [[array([[-4.99879620e+02],
       [ 2.41498272e-05],
       [ 3.23212986e-02]])]])
