([],
 [],
 [[0.004171543153121955]],
 [[array([[2.73085514e+03, 0.00000000e+00, 9.67825694e+02],
       [0.00000000e+00, 2.73084974e+03, 6.07796789e+02],
       [0.00000000e+00, 0.00000000e+00, 1.00000000e+00]])]],
 [[0.004009480818202073]],
 [[array([[2.73022358e+03, 0.00000000e+00, 9.67907040e+02],
       [0.00000000e+00, 2.73026145e+03, 6.07949387e+02],
       [0.00000000e+00, 0.00000000e+00, 1.00000000e+00]])]],
 [[0.0035564871424299043]],
 [[array([[ 9.99999999e-01, -1.99963995e-06, -4.57168877e-05],
       [ 1.99623549e-06,  9.99999997e-01, -7.44684159e-05],
       [ 4.57170365e-05,  7.44683246e-05,  9.99999996e-01]])]],
 [[array([[-4.99956362e+02],
       [ 4.97970285e-02],
       [-5.33279591e-01]])]])
