([],
 [],
 [[0.0024327826833409043]],
 [[array([[2.73036937e+03, 0.00000000e+00, 9.68018100e+02],
       [0.00000000e+00, 2.73037620e+03, 6.07999773e+02],
       [0.00000000e+00, 0.00000000e+00, 1.00000000e+00]])]],
 [[0.0020693216252174506]],
 [[array([[2.73034017e+03, 0.00000000e+00, 9.67994477e+02],
       [0.00000000e+00, 2.73033495e+03, 6.08000094e+02],
       [0.00000000e+00, 0.00000000e+00, 1.00000000e+00]])]],
 [[0.0025622556884241925]],
 [[array([[ 1.00000000e+00,  5.06474124e-09,  8.86938107e-06],
       [-5.06380304e-09,  1.00000000e+00, -1.05780051e-07],
       [-8.86938108e-06,  1.05780006e-07,  1.00000000e+00]])]],
 [[array([[-5.00000203e+02],
       [-2.60927837e-05],
       [-3.07021901e-02]])]])
