([],
 [],
 [[0.0022328669822053613]],
 [[array([[2.73044529e+03, 0.00000000e+00, 9.67934533e+02],
       [0.00000000e+00, 2.73046175e+03, 6.08015276e+02],
       [0.00000000e+00, 0.00000000e+00, 1.00000000e+00]])]],
 [[0.0022047510635096594]],
 [[array([[2.73035098e+03, 0.00000000e+00, 9.68016212e+02],
       [0.00000000e+00, 2.73034402e+03, 6.08039748e+02],
       [0.00000000e+00, 0.00000000e+00, 1.00000000e+00]])]],
 [[0.001825948531721589]],
 [[array([[ 1.00000000e+00, -5.06518688e-07, -2.16863231e-05],
       [ 5.06271058e-07,  1.00000000e+00, -1.14187435e-05],
       [ 2.16863288e-05,  1.14187325e-05,  1.00000000e+00]])]],
 [[array([[-5.00015911e+02],
       [ 4.63402199e-03],
       [-7.58399684e-02]])]])
