([],
 [],
 [[0.0023496485396902575]],
 [[array([[2.73035242e+03, 0.00000000e+00, 9.68014153e+02],
       [0.00000000e+00, 2.73038580e+03, 6.08000085e+02],
       [0.00000000e+00, 0.00000000e+00, 1.00000000e+00]])]],
 [[0.002022003833610492]],
 [[array([[2.73038254e+03, 0.00000000e+00, 9.68006239e+02],
       [0.00000000e+00, 2.73037780e+03, 6.08000072e+02],
       [0.00000000e+00, 0.00000000e+00, 1.00000000e+00]])]],
 [[0.0022597014646797285]],
 [[array([[ 1.00000000e+00, -3.00820826e-10,  4.89934699e-06],
       [ 3.00788182e-10,  1.00000000e+00,  6.66286562e-09],
       [-4.89934699e-06, -6.66286415e-09,  1.00000000e+00]])]],
 [[array([[-5.00004766e+02],
       [-7.01282061e-06],
       [ 1.82759133e-03]])]])
