([],
 [],
 [[0.002648367075700117]],
 [[array([[2.73040566e+03, 0.00000000e+00, 9.67964076e+02],
       [0.00000000e+00, 2.73042446e+03, 6.07999690e+02],
       [0.00000000e+00, 0.00000000e+00, 1.00000000e+00]])]],
 [[0.002183258529838993]],
 [[array([[2.73042145e+03, 0.00000000e+00, 9.68053590e+02],
       [0.00000000e+00, 2.73040541e+03, 6.07999765e+02],
       [0.00000000e+00, 0.00000000e+00, 1.00000000e+00]])]],
 [[0.002594752559244475]],
 [[array([[ 1.00000000e+00,  1.94927283e-08, -2.33052286e-05],
       [-1.94933796e-08,  1.00000000e+00, -2.79429075e-08],
       [ 2.33052286e-05,  2.79433618e-08,  1.00000000e+00]])]],
 [[array([[-5.00018793e+02],
       [ 4.15303990e-06],
       [-1.42308886e-02]])]])
