(array([[ 9.99411456e-01,  2.88963324e-03, -3.41817331e-02],
       [-2.88161078e-03,  9.99995808e-01,  2.83961640e-04],
       [ 3.41824103e-02, -1.85296066e-04,  9.99415593e-01]]),
 array([[ 9.98947373e-01, -3.41983518e-03,  4.57433162e-02],
       [ 3.43057219e-03,  9.99994103e-01, -1.56220968e-04],
       [-4.57425123e-02,  3.12982275e-04,  9.98953214e-01]]),
 [[0.573508528650511]],
 array([[2.55982889e+03, 0.00000000e+00, 9.30319321e+02, 0.00000000e+00],
       [0.00000000e+00, 2.55982889e+03, 6.22341766e+02, 0.00000000e+00],
       [0.00000000e+00, 0.00000000e+00, 1.00000000e+00, 0.00000000e+00]]),
 [[array([[2.56141720e+03, 0.00000000e+00, 9.03328715e+02],
       [0.00000000e+00, 2.55833609e+03, 6.11736763e+02],
       [0.00000000e+00, 0.00000000e+00, 1.00000000e+00]])]],
 [[0.5338728359408561]],
 [array([[-0.21509461, -0.01760499, -0.00182562,  0.00049509,  0.41244251]])],
 [[array([[ 0.25908416],
       [-0.06031078],
       [ 0.03277666]]),
   array([[ 0.05558351],
       [-0.0408558 ],
       [ 0.03291613]]),
   array([[ 0.01785584],
       [-0.46250717],
       [ 0.02849208]]),
   array([[0.04222472],
       [0.35536827],
       [0.02684726]]),
   array([[-0.39006186],
       [-0.02708381],
       [-0.03399886]]),
   array([[ 0.34263438],
       [-0.05586811],
       [ 0.0346162 ]]),
   array([[ 0.00055952],
       [-0.03484717],
       [ 0.01961342]]),
   array([[ 0.01420152],
       [-0.41637061],
       [ 0.02428984]]),
   array([[0.04042024],
       [0.37929379],
       [0.0339276 ]]),
   array([[-0.35788615],
       [-0.06449084],
       [ 0.0050361 ]]),
   array([[ 0.318541  ],
       [-0.05870915],
       [ 0.07705975]]),
   array([[ 0.05154301],
       [-0.0374993 ],
       [ 0.05566874]]),
   array([[-0.41095181],
       [-0.02449057],
       [ 0.02197063]]),
   array([[ 0.39770008],
       [-0.02065858],
       [ 0.06031466]]),
   array([[-0.02018342],
       [-0.33760759],
       [ 0.02636855]]),
   array([[0.04298091],
       [0.41317785],
       [0.01135933]]),
   array([[ 0.06538946],
       [-0.01844006],
       [ 0.0032483 ]]),
   array([[ 0.06261558],
       [-0.03006077],
       [ 0.00423469]]),
   array([[ 0.01435126],
       [-0.29651761],
       [ 0.02497949]]),
   array([[-0.34557976],
       [ 0.09626367],
       [ 0.01982157]]),
   array([[0.29214613],
       [0.03279817],
       [0.0428179 ]]),
   array([[0.05323453],
       [0.00411856],
       [0.0455103 ]]),
   array([[-0.32722995],
       [-0.0169631 ],
       [ 0.02369841]]),
   array([[0.34459141],
       [0.00956011],
       [0.03802892]]),
   array([[-6.68276891e-03],
       [-3.47939586e-01],
       [-3.14520068e-04]]),
   array([[ 0.04188672],
       [ 0.50131601],
       [-0.02539634]]),
   array([[-0.31454532],
       [-0.02862019],
       [-0.02230571]]),
   array([[-0.19245034],
       [-0.03435188],
       [ 0.01203849]]),
   array([[ 0.00546454],
       [-0.04207413],
       [ 0.04195691]]),
   array([[-0.0226764 ],
       [ 0.01710761],
       [-0.01925159]]),
   array([[ 0.01039677],
       [ 0.03316624],
       [-0.01220468]]),
   array([[0.02204681],
       [0.02520614],
       [0.00192768]]),
   array([[0.03332909],
       [0.02359978],
       [0.00825999]]),
   array([[0.04189676],
       [0.02942452],
       [0.02319816]]),
   array([[0.04249444],
       [0.04731951],
       [0.01980672]]),
   array([[0.01233263],
       [0.02106935],
       [0.06305016]]),
   array([[0.06194648],
       [0.09046126],
       [0.05205637]]),
   array([[0.08353374],
       [0.0634589 ],
       [0.05947619]]),
   array([[0.04079072],
       [0.04712351],
       [0.04638196]]),
   array([[0.05737694],
       [0.03235254],
       [0.06182347]]),
   array([[0.04341002],
       [0.03203912],
       [0.03903436]]),
   array([[0.01397074],
       [0.01656064],
       [0.01028277]]),
   array([[ 0.04967123],
       [-0.00214001],
       [ 0.01636164]]),
   array([[-0.00465815],
       [ 0.0249466 ],
       [-0.01811579]]),
   array([[ 0.07287596],
       [ 0.04026236],
       [-0.00415426]])]],
 array([[ 2.55982889e+03,  0.00000000e+00,  9.30319321e+02,
        -1.21479659e+06],
       [ 0.00000000e+00,  2.55982889e+03,  6.22341766e+02,
         0.00000000e+00],
       [ 0.00000000e+00,  0.00000000e+00,  1.00000000e+00,
         0.00000000e+00]]),
 [[array([[2.55806726e+03, 0.00000000e+00, 9.81954052e+02],
       [0.00000000e+00, 2.56132169e+03, 6.37192983e+02],
       [0.00000000e+00, 0.00000000e+00, 1.00000000e+00]])]],
 [[0.5401694328472426]],
 [array([[-1.67462560e-01, -4.55844363e-01, -9.53386010e-04,
        -3.83248202e-03,  2.06812005e+00]])],
 [[array([[ 0.25365035],
       [-0.1443213 ],
       [ 0.03696765]]),
   array([[ 0.05175539],
       [-0.11229146],
       [ 0.02894063]]),
   array([[ 0.01849582],
       [-0.54750019],
       [ 0.02399484]]),
   array([[0.03614403],
       [0.26870145],
       [0.02239761]]),
   array([[-0.38780934],
       [-0.10294332],
       [-0.05563357]]),
   array([[ 0.3372698 ],
       [-0.13885891],
       [ 0.04215599]]),
   array([[ 0.00066991],
       [-0.11202462],
       [ 0.01407442]]),
   array([[ 0.01229673],
       [-0.50147959],
       [ 0.01869856]]),
   array([[0.0380277 ],
       [0.29174939],
       [0.02854042]]),
   array([[-0.35843885],
       [-0.14393264],
       [-0.01603016]]),
   array([[ 0.30962535],
       [-0.13757438],
       [ 0.08318442]]),
   array([[ 0.04923038],
       [-0.11370106],
       [ 0.05248228]]),
   array([[-0.41380843],
       [-0.10662025],
       [-0.00205625]]),
   array([[ 0.39166753],
       [-0.09676671],
       [ 0.06972401]]),
   array([[-0.02132336],
       [-0.42227478],
       [ 0.01935158]]),
   array([[0.04366795],
       [0.32582355],
       [0.00590804]]),
   array([[ 0.0635704 ],
       [-0.09267462],
       [ 0.00011726]]),
   array([[ 0.06105041],
       [-0.10372638],
       [ 0.00098155]]),
   array([[ 0.01351258],
       [-0.3792983 ],
       [ 0.01956179]]),
   array([[-0.34889569],
       [ 0.01537503],
       [-0.00098354]]),
   array([[ 0.29375296],
       [-0.04461129],
       [ 0.04799098]]),
   array([[ 0.05242563],
       [-0.06749008],
       [ 0.0412323 ]]),
   array([[-0.33109535],
       [-0.09496503],
       [ 0.00433209]]),
   array([[ 0.34518701],
       [-0.07065624],
       [ 0.04551905]]),
   array([[-0.00379137],
       [-0.43086701],
       [-0.00600116]]),
   array([[ 0.04069336],
       [ 0.41370966],
       [-0.02984403]]),
   array([[-0.31579232],
       [-0.10292679],
       [-0.04061113]]),
   array([[-0.19229595],
       [-0.10088721],
       [-0.00083584]]),
   array([[ 0.00356654],
       [-0.12021696],
       [ 0.03533816]]),
   array([[-0.01353662],
       [-0.05652319],
       [-0.02704116]]),
   array([[ 0.01663488],
       [-0.04108505],
       [-0.01852518]]),
   array([[ 0.02294982],
       [-0.04725887],
       [-0.00374437]]),
   array([[ 0.03109767],
       [-0.04936713],
       [ 0.00345178]]),
   array([[ 0.0371341 ],
       [-0.04514431],
       [ 0.0191744 ]]),
   array([[ 0.03577102],
       [-0.03175634],
       [ 0.01570168]]),
   array([[ 0.01320705],
       [-0.05974153],
       [ 0.05767316]]),
   array([[0.04773591],
       [0.00565883],
       [0.04846266]]),
   array([[ 0.06841414],
       [-0.01802021],
       [ 0.05700488]]),
   array([[ 0.03459071],
       [-0.02912338],
       [ 0.04202649]]),
   array([[ 0.05266491],
       [-0.0430875 ],
       [ 0.05741662]]),
   array([[ 0.04641208],
       [-0.04812158],
       [ 0.03415005]]),
   array([[ 0.01651467],
       [-0.06145647],
       [ 0.0041355 ]]),
   array([[ 0.04731379],
       [-0.07991667],
       [ 0.01234271]]),
   array([[-0.00464621],
       [-0.04676522],
       [-0.0241601 ]]),
   array([[ 0.0671575 ],
       [-0.03578865],
       [-0.00694322]])]],
 [[array([[ 9.96785974e-01,  6.32562526e-03, -7.98605583e-02],
       [-6.28871776e-03,  9.99979971e-01,  7.13655225e-04],
       [ 7.98634731e-02, -2.09141007e-04,  9.96805789e-01]])]],
 [[array([[-474.06210272],
       [   1.62292259],
       [ -21.70802313]])]])
